8.765473e-05
0.000248377
0.0003336587
0.0005464743
0.0007162603
0.0005260783
0.0006189776
0.0004840079
0.000523368
0.0004394529
0.0004024403
0.0005785042
0.0005007982
0.0005635006
0.0007200368
0.0006482675
0.0005101735
0.0004835043
0.0004949258
0.0007563792
0.0004819982
0.0006299878
0.0006958852
0.0004554267
0.0005231716
0.0006852687
0.0006742015
0.0005322097
0.0003632213
0.000412068
0.0004634971
0.0004622254
0.0007894053
0.0006807565
0.0008131099
0.0004113514
0.0006250899
0.0006504307
0.0003985752
0.0007082949
0.0008359552
0.0008408439
0.0007314725
0.0007974735
0.0005354427
0.0007374421
0.0006217062
0.0007623481
0.0005603776
0.0005827843
0.0006112684
0.0005213117
0.0006718867
0.0004786251
0.0004717832
0.0004978898
0.0004460643
0.0005967186
0.0005069475
0.0007420428
0.0005707115
0.0006280712
0.0006686849
0.0008069498
0.0006690934
0.001075577
0.0006097984
0.0006488793
0.0006113237
0.0007498278
0.0006123228
0.0005561555
0.0005724251
0.000626988
0.0006057169
0.0004018319
0.0003353532
0.0005326078
0.0005400034
0.0004858123
0.0009653244
0.000429365
0.0004278277
0.0004746177
0.0005971114
0.0008326598
0.0009443061
0.000590786
0.0006478129
0.000487693
0.0004199841
0.0005204826
0.0006441149
0.0006720518
0.000699271
0.0005384233
0.0005124942
0.0005816218
0.0003943047
0.0005814292
0.0006319465
0.0005621851
0.0005331548
0.0006186292
0.001001459
0.0007270429
0.0006316522
0.0005108134
0.0005701152
0.0005016847
0.0007559086
0.0004983886
0.0006474698
0.0006872117
0.0005659814
0.0006112318
0.0008622875
0.0007145638
0.0007170552
0.0003768269
0.0005458593
0.0005996425
0.0005296872
0.0006478875
0.000540328
0.0009186047
0.0006140565
0.0008160845
0.000535234
0.0005660679
0.0007274994
0.000743153
0.0004713618
0.0005240879
0.0005999951
0.0006280958
0.0006718528
0.0005154865
0.0004293013
0.0005248173
0.0007174706
0.0007214377
0.0006897835
0.0005510486
0.0006847931
0.0005102426
0.0008429338
0.000620126
0.0004554365
0.0005332262
0.0004918248
0.0004819037
0.0006504595
0.0008086593
0.0006707992
0.0005562885
0.0006124565
0.0008124748
0.0004278248
0.0004504265
0.0005081662
0.001018578
0.0008389924
0.0005829721
0.0006868449
0.001003357
0.0004372382
0.0005319479
0.0004909876
0.0004656606
0.0003941009
0.0006084022
0.0006401798
0.0004354489
0.0004590752
0.0005162111
0.0007463468
0.0007709153
0.0007345252
0.0007129724
0.0006422862
0.0006100392
0.0006535721
0.0004885252
0.0003861133
0.0005148608
0.0008788204
0.0005508417
0.0005180653
0.000605863
0.0005317379
0.0006054352
0.0005331516
0.0003577179
0.0005951238
0.0007245672
0.0005844669
0.0004187946
0.0005735434
0.0007413289
0.0005353685
0.000654083
0.0006572273
0.0006312798
0.0008554495
0.000507726
0.0004042773
0.0008461085
0.0005495442
0.0005858835
0.0005951997
0.0009534685
0.0004785075
0.000410953
0.000703713
0.0004361064
0.0005600797
0.0005997767
0.0004503108
0.0007616293
0.0007283059
0.0004969746
0.0005183943
0.0007984847
0.0008320319
0.0006761512
0.0006644932
0.0006080436
0.0007946361
0.0006323177
0.0006613645
0.0006318889
0.0006060275
0.0004780049
0.0003559053
0.0004665308
0.0004787841
0.000457822
0.0004876448
0.000569327
0.0007390897
0.0006964495
0.0005844088
0.0007420634
0.0008576165
0.0005311258
0.0003171312
0.0004375533
0.0004385555
0.000510361
0.0005004351
0.0008319069
0.0006431552
0.0006715014
0.000460388
0.0007913466
0.0007829847
0.000606423
0.0003061698
0.0004377159
0.0007083049
0.0005416886
0.0005817176
0.0003814699
0.0007053282
0.000740884
0.000518817
0.001054675
0.0007466077
0.0005626734
0.0007575141
0.000973868
0.0005700249
0.0007071473
0.0007188851
0.001034134
0.000610486
0.0007795626
0.0007890773
0.0004823472
0.0005980107
0.0007341731
0.000568979
0.0004089163
0.000440792
0.0006084112
0.0007667197
0.0006069197
0.000530087
0.0005727188
0.001025816
0.0005420885
0.0006375905
0.0004978665
0.0006597749
0.0004340557
0.0004604578
0.0003708205
0.0006512847
0.0006530592
0.0006107288
0.0004810491
0.0003976908
0.0007316165
0.0009197684
0.0005906117
0.000676204
0.0007386347
0.0007074856
0.0005138544
0.0008097991
0.0005758178
0.0005161387
0.0006437031
0.000571986
0.000653144
0.0003406402
0.0006558495
0.000523978
0.0005985291
0.0006607029
0.0005925718
0.000718795
0.0005027707
0.0004455587
0.0003591432
0.0004646753
0.000395013
0.0003496577
0.0004501205
0.0005387356
0.0005322976
0.0006158902
0.0005672321
0.0006279263
0.0006780074
0.0007865618
0.0006640108
0.0007672812
0.000655294
0.0005037365
0.0006805627
0.0009894268
0.0007363372
0.0007852386
0.0006605919
0.0005804388
0.0003329456
0.0006575909
0.000732825
0.0005633339
0.0004180732
0.0007284285
0.0004176851
0.0006739098
0.0005744724
0.0003138412
0.00048537
0.0006014785
0.0005115998
0.0003823611
0.0005450351
0.0006401784
0.0006934991
0.0006520988
0.0009782298
0.000640863
0.0007234243
0.0007264711
0.0006719262
0.0004780166
0.0005888903
0.0005517895
0.0004747663
0.0006076129
0.000511739
0.0006736222
0.0006556183
0.000674769
0.000825997
0.0006223149
0.0005629543
0.0005501152
0.0006711465
0.0007866974
0.000801083
0.0007561082
0.0004842635
0.0006107996
0.0006066331
0.0005537857
0.0006492921
0.0004958268
0.0005740832
0.0003800068
0.0006523401
0.0006270038
0.0005858518
0.0005417682
0.0004347289
0.0004125298
0.0003923898
0.0005055396
0.000486153
0.0007856595
0.0005324551
0.0008603727
0.0006047402
0.0008647202
0.0005867566
0.0007584051
0.0006755766
0.000627789
0.0006236759
0.0005927224
0.0007721661
0.0004228439
0.0004930072
0.0008299771
0.0008662661
0.0008766249
0.0004783457
0.0007371725
0.000888929
0.0007657641
0.0006618895
0.0004789942
0.0006208621
0.000782199
0.0006513414
0.0005113384
0.0005433561
0.0005906115
0.0004618512
0.0005182669
0.0009660481
0.0006948008
0.0004049276
0.0004741681
0.0005131309
0.0006559931
0.0003239553
0.0004957105
0.0004958131
0.0006809095
0.000631342
0.0004957071
0.00035994
0.0005183645
0.0008067832
0.0004963554
0.000544117
0.0007490348
0.0005326607
0.0004660105
0.0003745474
0.0005223487
0.0005121467
0.0007076403
0.0006544134
0.0005588438
0.0005115287
0.0005111875
0.0005213576
0.0005436936
0.0006499878
0.0006219212
0.0005224436
0.0005144991
0.0005682605
0.0009486544
0.000834239
0.000568237
0.0006292554
0.0006291484
0.0005593895
0.0004443996
0.0004514988
0.0005276251
0.0006359756
0.0005391218
0.0006177233
0.0006723992
0.0007475061
0.0007490738
0.0005479669
0.0006523653
0.0006223624
0.0009006397
0.0007588181
0.0007927718
0.0005258459
0.0005317786
0.0007801396
0.0006681493
0.0005422676
0.0005937683
0.0004441409
0.0004408384
0.0004479969
