0.0001930836
0.0001745944
0.0001708676
0.0002076593
0.0001704137
0.0001484683
0.0001622736
0.0001940301
0.0001602503
0.000173418
0.0001989594
0.0001654411
0.0001614921
0.0001729597
0.0001180141
0.0001245684
0.0001118816
0.0001036982
0.0001456317
0.0001322564
0.0001016747
9.105937e-05
0.0001235242
0.0001000274
9.56803e-05
7.412544e-05
7.538021e-05
7.896824e-05
7.573966e-05
7.934583e-05
8.833269e-05
9.693104e-05
0.000120214
0.000162712
0.0001588664
8.896965e-05
7.965527e-05
9.174844e-05
9.8451e-05
0.0001085566
8.084307e-05
6.733319e-05
6.385483e-05
7.429423e-05
8.889475e-05
0.000103199
0.0001016666
0.0001156637
0.0001048421
0.0001272097
