1059921005
1795633750
1094427420
1006534493
821639141
202266193
395772900
344493202
532974518
1074559673
735983991
748389827
1063993329
528575726
333903603
578848786
416979480
606375522
725420858
535748166
355289962
338668477
478978326
517701319
565947610
852033998
469625088
639382719
377304002
318416960
424351892
462930341
1347752279
992167212
575647334
1604755463
857436329
1093681402
2798879380
5615219186
2074768109
2092560131
1127040444
405289355
342037860
380424662
646555568
1031294735
1073733140
374557369
276141355
844115904
454196625
822714432
659012161
627469939
550577119
311359856
440455222
1053026748
1509796663
1307642114
499790020
957673598
1080328582
998644605
1758190096
405217324
604410420
366372371
625396285
536112108
2082964245
1011786043
1544218895
1512094071
1020593143
1849181648
1767226055
981960579
876087185
697619054
458659814
1003205163
454232997
938770562
570356473
497335583
626220601
711936641
474020040
595780676
1444098552
1173536421
461188406
705989817
909259320
593698267
970170791
622820622
544344508
965068812
2252674420
1424465530
984242118
557478662
1012134527
572917307
885224386
353091211
313460413
379203938
1579232643
1712002782
627112589
471680440
1030038560
1125146091
537282635
695548700
741997202
356704636
382264398
358204507
305943493
1360146146
220522974
868637647
2630109904
912756378
486467183
481150914
1360209029
771333316
978986362
979347517
1242103346
655941472
1089037217
674421342
725962893
893979513
621048098
1959616620
1673666565
2591366484
1988539423
954703920
695235767
651571805
435707785
275317180
588019551
562915373
705573039
815744462
567917155
508884162
656095099
1180565834
466089167
1429541475
922595779
1779693635
1055915696
1258768700
597265708
445903094
735381816
270480102
631598327
565383483
1229888073
855761035
385822767
691785318
384594433
498109344
341094890
536658491
619563547
544167437
633161705
744018717
1268845127
519799822
607052697
1167497694
1027545732
1252096068
884162540
1857475255
1611426755
878890512
1267480578
1456492812
1041279872
1012278340
2110686104
949911183
619226559
1040724172
423232139
1519898073
813856149
572378153
417732556
769297126
1251452170
1836546220
913752799
527556972
1213187811
1222051210
760622193
450053533
420324104
457004903
406396788
424703939
200981223
711731813
1163602481
780090257
742511403
523038413
626054223
506349563
482128700
364408729
318921190
248634283
364643078
349039056
426158686
875838379
763092395
484975470
415301190
562319035
1114951715
1142793385
1179596708
564511187
1487969573
480484825
721159609
806867273
632050199
860897318
400010519
1095109262
1679271154
2499940812
669661857
656888646
485983108
777952268
473381821
367235671
646262938
1227219066
621961993
1110315546
409116950
690573125
710890022
414404325
724041682
447950877
730143230
661137501
960180335
911908441
767679130
337173171
424948817
604022755
694625230
875459392
471849515
790880854
560120635
716003731
729610921
1359141050
409446750
962314473
1090540197
662042377
623472701
445984253
1012555203
475249787
436315755
863737070
552492303
357790725
467287201
574006402
796483634
775803860
1107205586
1105654505
1192751958
1526135863
3352147411
1256722432
570753005
625731570
574879519
813784035
495636158
827077391
452657979
743021247
685564041
390636895
946393244
590640263
1420742199
2127152611
1232498006
693142105
1186116473
2198489073
813436804
454054702
425048051
504411994
847976106
611652125
936673011
812720173
420371667
471264928
1123467918
528067476
678817774
738459190
1139809899
672528875
1057503390
460807222
880413918
352846078
362987613
413819279
509794315
706970655
344800381
350699460
576327381
1392238400
1142438352
1649600046
371729673
1380128104
564505986
799016698
854651556
881467450
583395431
1031354405
899691775
1403659420
1025778979
1021807520
437429736
210072741
296889503
552636386
966172726
3243891466
2537347331
1702516850
559808324
1917795937
866825674
1484644780
1426036895
2647511700
1300450648
1217996418
636094513
814380785
803159790
441122085
497986065
857632854
383748873
362252909
165332588
281221495
451167828
686308539
1129535647
628652867
331437010
582397972
952723817
748921736
748940712
378997147
450279439
481589714
323062025
432008191
633638079
411500728
619122935
653605825
417054805
265109186
683079678
482520533
561129752
1695971024
2363590401
1412564540
676912697
506196034
450924860
1092896665
1436235416
1335458443
630871280
541483812
790768833
945936208
3199266507
4939825596
3203258520
1385446935
1033370537
819553722
1247975463
721392341
463827259
1345341338
336360966
582900775
678390772
417295707
501562091
524982861
1698231770
1582955211
1309907555
1002091202
1393108165
1056448455
413619805
506577332
471265373
1078559276
1481296949
741775177
367771640
283821450
335054680
503749939
614285447
391784782
799001120
426572764
618743321
475652656
649040577
413349250
430988611
633095621
981805331
1290527408
611877871
684465797
1266017517
611211628
464949264
867671048
637501465
414765591
632178285
436346714
394462068
597162905
816846006
504761060
747956760
2114837188
1101938258
944534679
919546366
869439376
466159095
1297934314
599950249
1070116616
2778438284
3452911780
