0.001453875
0.001276163
0.00128078
0.0006364082
0.001287327
0.0007396114
0.00169814
0.001293263
0.0005742823
0.0007799169
0.0004017193
0.0006553127
0.00102409
0.0009479532
0.002104805
0.0009805451
0.002816006
0.0009176253
0.00149144
0.001381995
0.001642227
0.0007207334
0.0011606
0.001741282
0.0008616424
0.0009479163
0.0009858448
0.00118395
0.0008295183
0.002606018
0.0007994227
0.003925032
0.0006771188
0.001336685
0.0008604727
0.0007688256
0.001039308
0.0009196163
0.0008830021
0.001037181
0.0006232835
0.001045937
0.0003857343
0.0007502193
0.0007852015
0.0008631688
0.002076021
0.001469968
0.0007859508
0.003389246
0.001321586
0.0009931971
0.001136769
0.001032484
0.001332432
0.001271488
0.0005353361
0.0005734472
0.001623986
0.0008315412
0.001113792
0.001878414
0.0009471642
0.0006977724
0.001455509
0.0008736016
0.0006298747
0.001340327
0.001671585
0.002180141
0.001427734
0.0005032747
0.001061531
0.002809707
0.001334796
0.001577751
0.001182898
0.001062262
0.0009075995
0.002308638
0.001891787
0.0008047479
0.003492812
0.0006300274
0.0009199207
0.0006107924
0.001968183
0.001998758
0.0006355008
0.001218825
0.001166371
0.0003897318
0.001924198
0.0008918043
0.001035521
0.001380006
0.001156459
0.001550393
0.0007457642
0.0009333934
0.0009049639
0.001119872
0.001147643
0.0006483482
0.001367245
0.0007256012
0.0009664545
0.001083448
0.0005236016
0.0006866234
0.0006872587
0.0007516539
0.00074446
0.000461471
0.002280575
0.001051348
0.0007937889
0.0005796271
0.0007811479
0.0008647644
0.00102105
0.0003480227
0.0003708175
0.001290526
0.001817692
0.00153301
0.0004107323
0.002052259
0.001909725
0.0008314813
0.0004851681
0.001171289
0.001288776
0.003271876
0.00112016
0.001055968
0.001939039
0.001596384
0.001305329
0.004483726
0.0007714644
0.0007396007
0.001821454
0.00048873
0.0007241054
0.0006210412
0.001105849
0.000772506
0.001538419
0.0007625418
0.0005049857
0.001355701
0.002194834
0.0005739455
0.0008862038
0.001071554
0.003758794
0.0009616519
0.001167228
0.0006327484
0.0004174211
0.003292761
0.0008596269
0.0007828441
0.0009351593
0.0007321414
0.0007652245
0.0006904366
0.002567724
0.0009017809
0.001046381
0.00205195
0.000707521
0.001147442
0.002348433
0.0009778882
0.0006717374
0.001155206
0.0008548888
0.0007570375
0.002576194
0.0004572783
0.0008230197
0.001002902
0.001671478
0.0007188418
0.0007305105
0.008006555
0.000357815
0.001556524
0.0006080725
0.001282618
0.001597778
0.001826717
0.0004133404
0.0008064281
0.001993308
0.001779158
0.002255984
0.0008403239
0.000642042
0.0006317429
0.001285855
0.001449179
0.001153465
0.001010099
0.0005198996
0.000530577
0.001232666
0.0007510253
0.002005044
0.001872565
0.001578821
0.0007686058
0.004065141
0.001769081
0.000323376
0.000602002
0.003272024
0.0007105107
0.001966118
0.001292419
0.0009168355
0.0005781926
0.001769333
0.001397877
0.001702764
0.00201457
0.002674232
0.004027047
0.0008473601
0.002544979
0.002431388
0.003892605
0.001087612
0.001373826
0.001893771
0.001213002
0.001214239
0.002701623
0.0005335817
0.0006622563
0.0005817875
0.0003420609
0.001386674
0.001584272
0.002997674
0.0007810509
0.0006845837
0.001591351
0.0007842726
0.001314629
0.0009708803
0.0007846331
0.0009321751
0.001028835
0.001587445
0.0008578904
0.001020877
0.0008280166
0.001491906
0.0009237991
0.000792938
0.001885308
0.001180942
0.00166824
0.0006947071
0.0009850673
0.000987764
0.001014337
0.0006578193
0.0006855957
0.001208007
0.001005384
0.000574487
0.001354304
0.0009524936
0.0005691438
0.001804121
0.001004981
0.0006075535
0.001805718
0.0007677048
0.0007559623
0.001767015
0.0007675406
0.001993963
0.001070853
0.002453047
0.0006738733
0.001447088
0.001506089
0.002950578
0.001607555
0.002026243
0.004007162
0.001497922
0.002034868
0.001769935
0.002173658
0.001911685
0.01086817
0.0008411165
0.001051173
0.001446896
0.001276643
0.001834387
0.0009479041
0.001358848
0.002097972
0.001162434
0.003179092
0.004024808
0.001443206
0.0007864456
0.002008671
0.001162979
0.001065118
0.001269554
0.001199311
0.001177696
0.001101608
0.0008173742
0.0006637736
0.001213422
0.003049695
0.001303168
0.002147371
0.0006720823
0.001613392
0.0008111108
0.0007780534
0.001070314
0.0005994566
0.001734751
0.001233071
0.001195247
0.0005646521
0.000692408
0.0006108375
0.0008101662
0.001259492
0.001202503
0.001472167
0.0007603174
0.001650433
0.0008358767
0.000979951
0.0004868407
0.000914301
0.002518083
0.001350252
0.001074513
0.0008484291
0.0007914163
0.0006688128
0.0007952981
0.0009231822
0.0007461535
0.0005296559
0.001418808
0.001258488
0.0008697555
0.0008900023
0.0004330102
0.0007193644
0.001795218
0.001066438
0.0008706935
0.0005489737
0.0007859862
0.0004464333
0.001207246
0.000495542
0.002862529
0.001180262
0.001879416
0.0006322061
0.001062819
0.001001157
0.001170229
0.001318754
0.001711654
0.002236926
0.001185934
0.001635001
0.0009378022
0.0009089057
0.0009143886
0.001156125
0.0006058955
0.0009804628
0.0006113922
0.0008347699
0.0008626474
0.001479704
0.001486862
0.002683287
0.002212383
0.001728632
0.00118342
0.0009132986
0.001400794
0.0005983912
0.0008753662
0.002692045
0.0008398125
0.000878033
0.004118635
0.0004158404
0.001250258
0.00202379
0.0008713789
0.002399999
0.000971361
0.000973257
0.0008403393
0.0006081898
0.001388043
0.001091206
0.001574092
0.001213743
0.0006949142
0.002675009
0.00187917
0.001783252
0.001479046
0.004249671
0.003547601
0.00100993
0.001700006
0.001564964
0.002100568
0.0007113026
0.002733217
0.00321948
0.001969152
0.002724776
0.001073854
0.0009957089
0.003307016
0.001603817
0.001835097
0.0008202092
0.001912119
0.001473015
0.0007640144
0.00115883
0.00182792
0.001823458
0.001867269
0.001486722
0.000715849
0.000867064
0.0008084278
0.0008806751
0.002272644
0.0004835604
0.00172546
0.0006182565
0.0005308584
0.001831475
0.001032118
0.001385959
0.001502515
0.002808281
0.002072796
0.001489821
0.000697516
0.0007975332
0.00105936
0.001094131
0.0007500653
0.0006067561
0.002064584
0.00184296
0.002444919
0.001146214
0.0009072012
0.001221349
0.0009407701
0.001264376
0.002318262
0.001741595
0.001484038
0.001396125
0.0007754189
0.0006979528
0.001838719
0.0005415742
0.001130963
0.0008017647
0.001262175
0.001293157
0.0008960872
0.001358145
0.0005587844
0.0009521342
0.001739993
0.00428083
