0.6336122
0.5751947
0.4850592
0.6849907
0.5444695
0.5583739
0.5468426
0.4880603
0.7264598
0.5771951
0.553909
0.5366551
0.661173
0.5826832
0.6249377
0.8255184
0.7784654
0.7768954
0.6733276
0.7723234
0.7182331
0.5953894
1.045766
0.6786932
0.617746
0.6579734
0.5793584
0.8400943
0.7597141
0.6444383
0.4682044
0.7246011
0.5037709
0.783574
0.81535
0.8468805
1.058088
0.830909
0.6728639
1.168937
0.6713381
0.5069339
0.4781047
0.7737843
0.8489341
0.8279108
0.5569739
0.5793278
0.8365697
0.6094292
0.7620361
0.6903466
0.5337154
0.5794472
0.8179021
0.6283892
0.5931805
0.4177167
0.7751118
0.4966087
0.5126083
0.5735352
0.4708124
0.7266673
0.541278
0.5289653
0.917882
0.8247969
0.5394983
0.5821872
1.003716
0.9037101
0.7216584
0.5621077
0.9285911
0.8220562
0.7065187
0.4867475
0.5249644
0.5752639
0.6444433
0.8148836
0.5943673
0.6239398
0.4025481
0.4388337
0.6700201
0.5128659
0.5605117
0.5814502
0.6342289
0.8133941
0.9932351
0.8247017
0.8489692
0.7119736
0.9225324
1.064394
0.923497
1.206297
0.7059871
0.5770202
0.5678776
0.8202593
0.4459576
0.5541399
0.7358359
1.300356
0.7230782
0.4145918
0.804813
0.5793337
0.4021049
0.8997786
0.7853954
0.2852389
0.4970426
0.4213797
0.3744863
0.574969
0.6227619
0.5934166
0.5892252
0.5590024
0.6211809
0.7242329
0.7766256
0.5408843
0.874732
1.447286
1.295219
0.6932775
0.7481476
0.9526391
0.6262368
0.6492495
0.5865479
0.6862354
0.4529524
0.6260646
0.4085074
0.6636965
0.6424714
0.6903666
0.8317193
0.6585406
0.9087069
0.5203842
0.6454098
0.6986166
0.6001078
0.9390112
0.627302
0.8190691
0.5253815
0.4265754
0.4220879
0.6519752
0.4989507
0.5017971
0.5088204
0.5327137
0.7661931
0.816306
0.3921176
0.6684951
0.5676981
0.4764529
0.5606559
0.7143653
0.5827089
0.5833776
0.648394
0.5422621
0.6396838
0.5198257
0.4578961
0.5314165
0.6054032
0.9006127
0.7397899
0.8367587
0.5286987
0.9045816
0.8656679
0.6006545
0.5629772
0.2747939
0.4893355
0.7704772
1.05928
0.5589172
0.7354137
0.5951626
0.8476497
0.8749611
0.8952595
0.7215975
0.7673621
0.4678715
0.5153057
0.3338774
0.4882538
0.5169179
0.5847022
0.8612561
0.7525109
0.4345947
0.571774
0.505124
0.5862129
0.8349199
0.8598761
0.6852635
0.6755084
0.4937522
0.7795642
0.6873729
0.712307
0.6687595
0.4375661
0.5828868
0.6595303
0.8854642
0.5442736
0.4634986
0.7565299
0.6962182
0.4821603
0.8813495
1.054098
1.307921
0.7685852
0.6264135
0.9442199
0.5568801
0.7135649
0.6612083
0.6576366
0.597859
0.4933025
0.6789058
0.7538797
0.6199356
0.6954937
0.9338762
0.6208465
0.6998296
0.4481088
0.4796516
0.5467343
0.7054906
0.8816933
0.7910815
0.6208794
0.7831301
0.5264517
0.4029169
0.3211223
0.514383
0.7461605
0.576436
0.5965611
0.9915245
1.346811
0.736428
0.6547581
0.4674555
1.030846
0.7636057
0.7194417
0.6270869
0.7465569
1.264127
0.7233488
0.9838142
0.8586228
0.7328895
0.8327479
0.6254771
0.4289686
0.3961475
0.6964938
0.4261814
0.5341939
0.600898
0.820245
0.7396814
0.5668253
0.7326696
0.6352004
0.5836102
0.8462706
0.5452408
0.9139365
1.055841
1.023865
0.9744364
0.648013
0.7465301
0.7259796
0.7286598
0.8026439
0.6595484
0.4138026
0.3334425
0.6053311
0.6566189
1.109378
1.703309
0.9490743
0.5776439
0.3797714
0.3709615
0.6680829
0.8224522
0.6464691
0.5871404
0.6032469
0.7916729
0.9850748
0.6382782
1.010599
0.7582829
0.8630679
0.8295466
0.6858056
0.6710206
0.54428
0.5435944
0.5288548
0.9854612
0.5744232
0.6671932
0.8108313
0.8040462
1.052035
0.7331204
0.4555101
0.732197
0.6781099
0.7436001
0.6644488
0.7500003
0.5392083
0.5808892
0.8129843
0.5648547
0.7939829
0.8074176
0.6009354
0.7599325
0.6975754
0.7932152
0.8489016
0.747122
0.5004658
0.6831552
0.9358705
0.6995346
0.4828954
0.5725438
0.3720969
0.5685751
0.5080524
0.5945074
0.8438981
0.4379926
0.4647908
0.8222012
1.254543
1.133691
0.7606836
0.7782686
0.9350029
0.8829604
0.7493859
0.6814655
0.799133
0.4663229
0.6097107
0.5534541
0.713201
0.5977531
0.6014101
0.6975081
0.5968309
0.4965665
0.8969743
0.6004127
0.5004552
0.5918007
0.6670794
0.4554826
0.6117635
0.5121863
0.6514437
0.5699661
0.5209477
0.6423133
0.691976
1.086927
0.6517538
0.8927873
0.9117573
0.5833665
0.6154915
0.6139151
0.5331827
0.4402543
0.4983622
0.6108359
0.6972266
0.6124145
0.3810049
0.5323452
0.595167
0.7761178
0.6880558
1.12884
0.8649416
0.8845437
0.7619479
0.6525487
0.6812092
0.5656632
0.5699648
0.8631407
0.768469
0.5435155
0.9952662
0.9980715
0.960875
1.02942
1.044052
0.8733629
0.8115966
1.147679
0.6397558
0.5545427
0.4792964
0.3380773
0.4170051
0.4063712
0.7530601
0.7581564
0.528455
0.5339955
0.6485414
0.88715
0.7121509
0.6395032
0.4537465
0.8371198
0.6396919
0.4106625
0.5416301
0.8704525
0.6204313
0.7780262
0.8288378
0.6807274
0.3927639
0.4333735
0.7928252
0.6926685
0.4951869
0.6295387
1.011527
0.5609303
0.5929258
0.7498466
0.7762811
0.5897353
0.531338
0.7011268
0.3647223
0.3765688
0.3855006
0.494288
0.8312134
1.009371
0.7028824
0.8279755
0.5955273
0.6695798
1.434428
0.8648406
0.7709589
0.9175603
0.6414239
0.8861328
0.5927571
0.5914754
0.5774301
0.4180861
0.5223732
0.524583
0.8567937
0.6146792
