105373569
78188393
63219467
51827063
45415271
63886286
47150883
81054415
85079537
67193668
121410797
70189537
49404759
38896075
43588297
52583924
150168022
89080239
116993666
117942293
110448498
173994556
181149949
96976058
151346849
48984208
54198841
75351780
72044210
40926488
94207706
181303843
231250686
115089440
117759681
161884623
94777638
97077727
113211427
84886398
91987981
176655523
178172086
287122490
378457046
738985150
1203165221
1010694830
631727940
618018803
386057073
210084345
104256012
185525522
250032191
197344447
138008402
184359941
103277872
138802786
107376117
79641425
132456521
147058465
92287974
70161364
61249980
99258219
111031624
88157691
66248708
92855252
175215534
106060748
104527617
156866718
155738141
190231836
194721571
225036393
238968838
278064100
179809910
188415701
99782210
128855050
154053927
134312700
82579854
123403072
101884591
66510799
79608892
161002584
156048097
117836397
81085066
108282105
90930168
62780689
71241372
127789902
84004356
61827469
104132192
220889889
212504996
267648892
316491842
401438442
258344327
353926270
400660328
362394756
375098066
151199052
106915377
190787051
281794811
143951145
321012286
424038468
621202290
402287136
405680182
472241494
600486425
591332456
310773770
201127655
213009597
201778338
123388692
120451652
87843369
152369291
97900013
133290720
157903366
205393558
483701505
718538265
519806767
262390573
400441159
530762238
363200258
282514950
151121780
154811892
114344331
110335165
136438170
88283373
161921186
99035356
141470387
177514161
187011171
376006724
132913216
102604223
106738342
65848692
93781584
71671175
94606211
64815084
63973162
57863763
63089584
158082849
125840559
86732371
103173640
42072842
48615540
82760108
78916682
137082546
127992525
200384518
174609047
97434124
160923670
121770498
125253003
94347556
144568181
142819267
146815828
150352366
120692270
316577905
404473432
328796121
368221879
223257245
357562193
348389391
199146472
119107657
100282936
147930767
57944278
43646390
90711695
106852012
202653847
174563327
132299177
148155334
281763595
143168233
301777990
224033043
150537449
156798584
192230615
186723703
177361858
209026814
203418487
151994702
220019697
171541610
119502371
190963284
75931041
74860494
81969998
105894722
132762005
74733806
51290654
65605561
115133999
110604228
60209702
163138557
90653450
121533765
102973838
83520043
97917703
217675485
119302383
68083846
63327467
75888364
59080463
110825442
145492538
63969046
82045570
76069172
152880882
140054664
67768152
54618103
92889642
119974571
139055352
131871992
69767063
165667509
169458699
160463688
153691404
179699778
68532256
108713594
133453195
152012298
286850416
175929626
196570492
143219606
116969605
138738402
183221316
215490872
103169705
92730821
91653748
54505606
61310038
44666078
94334537
120487238
108820980
90283319
165103503
115378601
74788857
93121977
51850696
96891851
66008264
55862422
55950770
52445889
38388042
53010298
55891691
100138663
81029511
87419983
117400832
137977100
106895736
103365568
194781970
177415632
162701626
147202383
99162896
113247051
102477773
160383806
203373889
235342173
397379443
156609244
218909241
390069206
243366852
139577596
141232550
259046085
220884219
177168885
240459596
177963711
120315630
120242284
95758320
70896215
43919881
38905695
58551858
82449356
43824269
86606029
85592115
63772723
62084928
87582787
65938981
88917509
119048930
89078167
118036195
106959284
124202142
72580113
75822737
73932193
109219034
55533666
71189572
44006379
107116560
108636494
55875620
74265400
76810278
111454204
105774242
69462351
71359956
67952278
75238002
34191052
50497705
37123219
49328518
66258141
69755850
100937314
53687783
130489510
223426020
189544605
348235050
371581659
288828392
176239475
225036845
87581846
127002851
151344611
103282908
97696583
179641720
169217009
162328599
194955832
214291977
253517305
129295297
60160293
88113408
46204189
87863245
80453213
58927348
84389179
72649668
78963908
103930502
95253722
180291254
200640524
235700635
188211302
294319073
176348556
195201860
219006908
190966636
143757284
147922497
110053083
209083879
236490201
188463545
62016250
63330514
62470444
59847517
61308448
155464388
183313963
183777804
86394129
76216553
153567394
119974065
286458721
215812680
114568462
102582144
120213713
141965157
171359485
279924126
342372340
179885185
132441380
199561079
116091878
90982706
217918710
155455487
81458956
70166384
87455392
126794104
162505695
176173892
168413494
203105178
141236440
82561277
71599368
71154876
95279377
96014163
68158560
79891380
86469635
105958093
88147410
94302238
35768640
108801149
118246061
91220668
81456853
68266709
82615632
113864151
102670160
62989166
64103354
116786670
201595536
174117893
234345296
266416951
146616566
115595830
235035962
244743407
140929141
151012133
174203445
161850346
276912002
