22.22316
27.24867
40.72812
59.93409
44.22749
52.71042
39.06556
37.1574
46.51422
41.19567
50.78732
44.62407
46.35184
36.03049
45.71697
41.37588
43.41223
29.78866
39.54809
42.37729
35.3644
33.07403
44.7319
40.19928
35.79761
25.78218
30.25458
24.18725
30.88041
37.12283
43.16051
37.87447
56.49263
39.71571
33.0388
35.24035
45.19332
37.87075
30.64748
39.47562
35.45426
27.96884
37.52603
30.16784
35.8999
32.79616
40.70072
42.53751
58.63028
54.50091
36.72576
36.42545
42.43493
38.60249
34.2592
40.87616
40.68982
36.23896
30.63863
30.22401
29.35445
27.8707
38.6359
36.87114
39.90556
40.47517
38.2996
37.95712
40.93274
36.14047
38.94759
41.17415
43.11322
43.61306
43.17606
33.32317
35.58461
36.75899
29.35549
41.88356
29.54138
41.8601
40.90431
40.53423
38.42936
35.96496
47.97072
38.14732
33.09367
32.98923
31.57825
34.26651
38.86036
36.01895
41.63896
38.6257
39.68351
33.25302
35.00026
33.71183
42.48001
28.63454
29.29287
35.21789
32.21887
44.00336
37.23898
33.98628
31.49048
43.60684
38.79994
41.87926
42.63738
34.80603
27.5304
30.42894
26.08201
30.29738
36.52572
29.86116
28.98226
46.31411
37.9451
42.98612
48.72295
31.4755
34.17806
45.42199
35.94595
44.44456
40.65792
46.84667
46.57898
41.69164
39.9047
40.77584
29.04306
33.733
38.41181
42.05102
35.19475
39.3299
45.36536
47.24803
38.41668
38.36166
33.7559
48.74987
50.56804
46.72053
50.3882
42.0278
44.9878
39.08037
41.8301
43.78564
36.87625
42.18323
46.16041
35.97206
45.74813
45.38358
36.83493
43.29732
27.35402
32.1336
39.11273
36.69736
44.26057
40.56602
41.20509
37.90429
33.599
43.49851
35.66982
39.31722
38.16576
45.7141
44.28735
48.23011
43.86641
38.51838
52.07552
48.07729
45.2563
34.75954
34.79961
37.12236
38.73955
34.33673
34.69544
32.52827
38.10871
37.80723
45.69196
43.86751
35.4626
33.61663
39.53166
38.36291
37.7581
42.37933
44.401
38.93329
50.71849
40.34187
42.42238
43.21423
46.59256
41.56618
35.8409
33.93961
36.37461
29.93575
38.687
39.24671
38.08248
32.49988
42.02661
32.90332
43.91161
39.39811
41.12696
34.49036
34.99417
48.47021
52.00332
39.14458
35.21152
34.8427
40.8109
49.48967
37.76103
40.10821
39.44021
38.7894
29.92958
34.52667
36.7186
46.05829
44.20528
41.58441
57.40298
54.10672
51.56478
38.76364
38.3727
39.0326
35.70326
42.40769
35.14542
39.57908
34.20978
35.32852
34.98643
41.36066
39.72815
33.86783
46.6642
38.87015
39.4712
30.23855
37.35829
38.55031
54.85451
36.58182
41.08346
50.00589
50.768
34.39382
34.46998
35.55535
35.07068
45.60158
37.44454
28.81165
32.91821
28.46404
32.12799
42.66725
58.21792
39.00007
41.20297
33.61122
37.93093
35.16259
46.04686
36.26557
45.65968
49.71448
65.20416
51.74029
52.94495
56.83816
35.77089
44.19056
44.32282
44.24697
47.00474
47.46814
36.23348
45.7032
42.88712
36.94342
31.11386
27.05744
26.41812
44.28041
40.74556
39.81181
37.05544
38.71007
38.65489
43.63509
32.72123
38.82576
38.38034
35.71515
34.28488
29.84252
39.68138
29.65644
35.35167
48.15293
49.31094
33.75709
35.72279
42.22995
26.78794
35.31657
31.01163
35.1593
41.1675
32.29725
29.4401
32.27888
33.91946
36.39687
52.11806
47.09516
45.65201
37.48963
44.11437
50.92751
41.86085
62.56034
57.7475
51.20963
42.44217
43.33403
47.39409
36.59481
26.63817
21.88538
45.3181
35.37729
43.8778
37.67326
43.86916
46.61871
51.34333
49.17734
37.43084
37.66692
42.51603
36.2332
37.45217
42.6313
38.68111
41.31381
33.28519
37.57999
37.03064
30.45151
36.38469
27.43197
35.13686
29.61491
36.9004
33.25777
28.47724
36.3837
45.49346
42.30497
36.39283
39.92818
39.53758
38.41025
48.40606
39.86857
36.41044
38.07229
43.82624
43.96654
42.45963
32.60982
44.59754
38.64165
52.7007
44.15465
37.48185
46.04204
46.56732
46.55429
39.08656
35.65112
46.3597
42.16946
43.63785
59.25925
41.82083
40.23982
46.57069
41.77312
39.41856
38.84634
41.40175
54.76534
36.89475
35.68469
38.81762
40.86524
47.92229
40.85304
52.32033
43.9596
44.33912
42.97849
41.94593
33.27755
21.73654
38.29387
43.39565
34.3889
37.65801
48.80326
48.51137
46.18018
35.88175
31.487
46.56838
43.22587
41.7351
34.89754
35.64841
35.58788
39.89913
46.97981
32.99404
31.98058
41.98511
34.79998
39.14611
34.05815
37.2881
40.99836
49.41575
37.3965
33.16847
36.33387
41.33125
44.14531
42.51037
38.8454
31.31012
45.13226
38.05715
32.28986
37.22533
30.83878
37.44907
43.10009
35.37959
31.80974
38.38031
39.30692
34.10376
35.07338
28.76734
28.788
31.58162
35.31908
35.1102
36.12031
40.14818
39.78508
38.05429
36.88406
35.47483
42.86493
35.45232
41.40377
37.32353
45.58096
35.24049
33.23718
45.70348
35.64201
36.91683
39.18078
