194760562
163980856
139875247
126970030
163476438
138788874
115778054
166097888
134997113
133059236
113617045
156418799
147585744
103549516
139989623
105112584
95617621
57544198
56507283
60110435
60768203
57920897
69525473
70670837
75763856
59825885
90928951
131563420
152137678
234770960
178591692
140989987
120693836
67910987
111145705
124120750
82154076
115013241
99074795
142592132
203612293
149430688
192018103
254552416
320792463
250533590
139620943
149904750
165798318
172402317
122007776
112930015
108128260
87483721
81080967
115905370
144485966
108928024
85089266
164018695
147113401
172247126
170033755
213121379
149250549
84157678
133706150
142526281
101448858
126879121
153322953
109842207
77870579
67056218
55733838
58246726
50496223
76854592
69072248
87080404
100202653
111132827
96352615
114999898
86559203
195660285
131896118
66795052
43035385
41782954
42079806
65625185
82695196
140590640
113433225
127455853
122844656
87382852
80530468
79925208
86739622
103302642
68007564
62554013
78006475
83804919
96488020
128821177
101757499
131969544
136967188
122505665
91780240
56671627
82418265
95302871
112935431
71202993
66512346
96586222
134179934
88089300
80356549
95973274
72283392
77822008
52842637
105187704
105950828
110381690
135026158
51576608
76025580
54870816
36218633
55880145
43685239
66437811
48381728
97205938
72924202
48847519
90205714
88902477
147953170
159903752
102291232
93300502
79820602
91998604
115994550
129573020
209651477
203662005
195544627
107566134
131753477
96796863
110875944
95433308
72038677
60153776
79129852
75582738
64952167
94093343
72147042
90190090
93720484
70545539
95390785
89146675
96362953
75551783
63821600
70063421
59197179
76148689
86307166
128436100
160216084
144140390
127927781
139830230
137698133
148252901
147231811
77177019
113589614
135928749
192433419
352984098
468150938
299204370
271826067
183394310
168616342
197297186
130004382
131085775
154860081
144945419
114292330
88686257
67621798
64422044
86251157
115972469
101451020
139502383
120079165
92668918
75598433
78280185
77872843
44044818
74596298
60014133
43078733
54558624
42621911
51901365
52522015
57029067
66540516
85928470
95502574
91518169
90122735
100054034
80972617
62825208
91525369
75103327
87696005
84426970
92426536
60635703
83502337
96620798
111063378
140324530
121392620
113700610
148706701
192772561
227901996
263382361
237456112
225868670
139350118
110238363
243530531
279467609
278875231
421600757
167694860
163249957
137217344
78631794
88237429
72285673
85460015
55030332
51981801
97484498
108243882
96089910
79652539
102810098
59973736
56957195
40171017
70358406
76558284
89435946
102584237
81258639
64495413
66903558
77698269
146169521
93483253
95305761
124624736
233649643
211303354
140343138
181100517
176832243
120850092
104364249
106363942
161790776
115538829
85656550
135835089
99824148
102481465
87954507
77739325
51109133
73543617
64467858
69783251
68617320
45201733
70278356
118964777
75206528
71926961
115098466
97077942
119574077
149813518
159827607
152521545
175517574
118097569
213954541
217049701
179230790
96428065
92341979
144438445
149309367
200109882
165677754
127371423
101112586
87807260
107887734
85757388
71794792
47192979
58735159
46396664
41079421
65101390
51378727
52991066
76456155
79065230
60372115
58894675
78875175
94273489
103244418
128809929
98363081
189256712
213431410
197841357
226319068
153034291
163703019
148135484
126769763
70130218
54609869
89809658
138541697
163926432
140446167
187014336
189638538
107814673
103285810
136918621
96910113
76239322
81910320
108709496
118225982
116644986
86206115
148331490
132059392
80428669
101320029
113835808
69020006
60557471
85535133
46362198
65237158
109843718
135476631
91857987
123464392
185046354
143665160
162079097
233444963
210334386
189602610
136135057
147070188
179064404
240192152
288329263
195069816
160569041
152036547
170827498
123856211
163657479
207347303
88731486
85659330
160092262
204003629
296255171
303252048
229742902
220375851
216313304
262556618
167439165
171892092
136501150
155938975
125505469
101121036
73458696
94628523
78438033
93611681
75669757
108246596
80932646
139060014
144773439
111082106
52852449
56072726
94771800
76180661
59587525
76050389
105177350
69636784
60684757
119649375
156745815
75561205
53504313
102337045
112004997
221695382
124345244
115143512
72368271
73780082
85265266
132528620
71069580
80581413
99293022
99959202
81882610
77306334
56722338
90370270
74562199
73851083
124322107
120130383
159899239
178870088
100171527
58146739
71836525
93877268
101329625
98146428
114483140
85924837
163097128
145018779
123798612
76789256
96539105
109710614
108519029
117454920
137790600
94978879
112049966
128640037
201552185
152805143
150356179
89892121
60619835
50770351
103783985
103265946
123862206
128181194
