41.95337
118.7517
56.60391
51.31779
103.5983
116.4809
130.6482
106.5755
79.49474
116.7854
106.8234
61.6491
65.8809
134.4296
106.0435
122.7944
60.56177
88.22668
105.4832
140.7351
119.4129
81.33655
93.32312
155.3255
81.37016
112.4339
121.847
126.2681
87.3141
109.0783
99.93821
65.94899
57.4697
113.7714
130.783
93.7647
82.70317
97.23999
120.9605
138.0789
86.56945
87.42492
100.6644
123.6125
99.35788
144.3543
129.8975
80.32616
71.90518
62.5834
68.54769
64.20781
81.76789
92.73654
91.7959
77.26183
78.19116
53.78976
116.5982
92.75805
124.788
141.7569
89.10124
95.59672
181.2083
133.4353
134.2187
92.64166
93.94929
133.7539
90.33126
57.01777
133.2421
73.97396
76.80961
103.6446
128.2548
107.8878
109.4734
131.4263
116.2924
71.28405
95.74078
54.98967
78.62638
83.56316
63.54617
131.2424
86.02379
106.4682
156.0087
138.8078
121.332
114.4165
112.6592
139.6299
93.16379
71.42638
73.31853
61.51034
49.86034
123.2148
78.87098
133.4922
137.4772
81.49705
86.44236
96.34302
68.21231
123.3895
85.96465
72.05645
98.05276
147.6453
79.71916
94.22136
67.62516
106.9243
79.69789
130.9544
125.7411
109.9308
72.95884
98.92762
79.36921
152.7125
89.31847
150.2738
69.38629
84.26384
71.56417
82.16618
57.48528
99.38699
87.50934
71.08948
111.7731
82.31227
79.62151
96.9522
140.4
133.9552
129.2335
68.90468
216.8793
124.24
90.34009
91.72301
57.27687
77.15405
92.14943
121.1548
153.4722
175.9559
89.78699
72.65328
106.8561
82.20072
83.37113
128.5181
92.16362
83.51186
49.81447
78.43972
91.14305
117.3934
93.72216
139.5969
110.5
79.97782
164.5322
209.3763
113.3874
116.5215
170.9039
86.90623
160.7003
129.0509
108.6381
64.25192
70.47254
105.122
129.8478
118.6444
69.78438
74.59147
89.53266
69.46632
124.0026
62.84356
101.1029
142.483
140.0939
80.38138
72.27696
76.13342
107.1855
104.3412
136.5155
136.5669
129.7992
119.3489
82.80919
102.0825
98.61689
67.58961
91.93393
47.97258
108.1666
87.26629
51.01812
76.45229
90.3675
120.3779
89.37817
78.72927
81.35579
84.63993
76.5069
92.77597
57.88537
63.38454
84.75972
90.86747
76.60752
69.55065
101.1604
91.59872
66.18718
54.76804
80.45759
139.6513
101.4189
91.21268
68.53514
131.0873
99.94331
92.80385
98.95744
60.88605
68.99966
114.9847
92.33254
105.3316
42.10806
47.80191
50.36572
68.84045
109.2212
122.5199
106.675
130.2865
86.77485
96.96027
112.1365
74.47982
132.7471
104.8296
74.09657
59.4036
166.8769
92.70943
87.57183
92.83683
111.1506
90.83
85.24325
115.8122
81.83596
85.07871
77.33815
99.80462
54.66098
94.61661
134.564
68.77653
93.87131
128.7817
107.3906
95.36865
73.77761
124.4386
87.07032
51.61585
65.89232
77.2054
95.55663
99.45929
109.0667
65.1778
97.5447
79.00554
55.16734
57.49204
93.88258
70.94397
57.52194
56.59075
59.97246
108.4481
82.12849
107.124
56.64332
99.06289
72.23078
131.0397
124.1188
77.36335
91.62704
77.71407
113.3745
91.15404
71.92331
84.08725
106.6594
107.7168
116.8997
94.65351
186.0365
161.3001
94.02945
70.18611
83.02577
61.86555
72.63552
92.38857
178.1288
91.3781
123.9917
86.50111
101.2833
98.32188
219.6976
149.9124
103.6374
67.13997
110.7276
119.2202
87.0668
76.92214
111.6021
76.8653
57.51492
71.00625
69.11887
78.82245
69.808
51.96449
97.40468
60.08501
64.52936
84.58809
139.0271
118.9629
85.27695
56.8744
91.51399
90.4625
66.9181
191.2887
88.33835
100.0069
59.59625
82.83345
55.04944
55.32426
96.38448
74.58767
123.9807
118.4602
93.26451
117.6344
127.2009
52.69471
81.24448
85.52867
48.97831
108.9353
85.18497
137.9048
123.7614
101.8738
88.26337
53.94576
64.30889
82.91982
92.86013
91.74625
113.1338
69.79479
83.34413
108.2288
120.281
71.12545
93.35787
145.3377
117.4077
85.30741
118.0898
53.17769
58.86371
77.13079
81.18467
48.62781
79.00562
69.90815
57.88583
88.88084
69.28799
110.1965
62.72086
91.38802
118.3343
118.5936
70.86636
67.74801
67.10535
39.86732
38.0392
86.72119
72.86158
92.03474
85.90923
77.46919
80.1415
67.53984
74.08966
106.1822
75.38023
114.4971
117.5127
178.1046
112.3406
116.1528
102.6791
76.39034
72.34583
77.96802
81.09289
89.43465
92.77943
77.69522
132.8784
89.19333
93.80286
103.0212
73.7705
97.02569
106.3575
107.1645
75.19194
112.8606
112.7183
60.88241
54.71524
93.30472
54.66636
88.39177
130.0863
159.8319
129.6149
95.26027
94.25082
79.5471
155.4984
99.65418
106.4042
87.06626
122.2396
139.9368
104.8728
108.6978
89.44393
99.18612
90.2502
61.18688
93.4303
110.5974
106.2863
116.6031
106.0615
78.6695
101.0258
78.31144
88.57341
67.8708
78.78028
84.95874
115.7292
113.2586
93.15307
118.133
49.77548
39.1698
43.22717
69.40818
85.34793
67.79061
122.2133
113.3424
