437850710
680191943
1225299377
569886377
498715732
477445335
382124136
250756073
380716030
317214734
234925915
297997114
288533651
448858234
291717944
251886340
276823206
235319743
367463464
419489415
458478656
419029033
505596320
609410508
488410999
428909077
359381621
439199404
432379749
370533894
245492020
203472262
450614286
426140614
547404049
371076492
376748885
274166011
238106924
323241943
273382963
262471362
280740136
325803336
219708785
296520248
466074245
427945639
385467927
426855899
415564140
332775562
275190871
173816567
192857174
351924256
279311648
395110972
403823134
325176312
502607926
530616841
357225663
493045014
317737080
211498516
266756167
216596141
225659153
229361480
192854143
359290757
367146875
381213636
424942423
296593857
282175279
328525242
180299797
259605654
375095469
177936409
397327992
248566834
281563154
372651431
424629535
585884183
525573219
605082546
470180875
378046795
436659640
394752899
263131593
179019859
273207023
305989739
298856653
198995977
221018540
208261003
185094338
260762149
313001815
414995862
347995149
341297983
432703537
529516313
600303928
665250618
353188844
522169056
545130336
518707271
703192950
392385820
519547397
600484677
242412673
314698267
345443339
234918705
348937069
435649412
369920493
217167649
206239349
275767346
273874625
413270660
463930323
283002536
300838627
349069959
355181126
299409914
291154487
244709234
222457986
123788427
190494710
183043978
165264099
279248985
219849178
222589219
231730008
311293355
199163626
229793799
407204350
254796807
305451851
194590204
201214227
362370780
376581363
339869806
357332149
208828427
164401959
219759251
228601713
187433859
277421329
161290715
106582300
144129293
183986363
220437966
156886660
223489356
228169227
139937497
198416960
300878266
311583186
180064558
190671716
141759737
219587994
249954102
184407025
189978047
313541044
366261014
297706795
263487905
241612234
183500911
218444477
196981495
292362398
633510840
740983872
435854946
438443741
371980154
504110862
370643141
541938376
351532030
371298741
330370074
516944224
813496904
810130872
623230168
1258801571
700550401
823149269
681987503
323426922
394517175
344246352
342437072
417403362
513621663
749294677
498593434
214724669
366563548
272063459
475547214
701344676
591619274
519362480
358143865
418646005
287206521
291045025
529921518
338142636
572917512
683705555
341399579
457997221
484796069
448536975
274586711
241319250
248620861
202487956
204116194
142176191
269760159
261214280
242342737
184916716
315247148
259763586
541237743
824064743
531438565
404749116
476657164
366108526
615846095
306368930
295038665
468300779
358022472
263505099
216576259
353656634
298723523
373671999
727305344
346694214
184812812
240936033
455740812
517805025
421390343
370950735
484310142
747675082
607576749
461899764
349093672
349103345
416288681
507330804
399903308
403076794
583920829
460875505
337612114
560220462
336969092
273876137
376880058
305707757
397372578
200832451
308876080
248306586
190963497
164569487
204288975
357142729
593348974
358436364
403535412
453885440
323180154
399372686
360942993
459460405
568847343
494870564
429116065
473263330
366764377
550240237
612789840
578380949
406847419
391076876
579216428
386002845
383296117
451533737
289229896
298537544
145680401
235089462
125789173
208841164
249141248
222765501
226561198
233506430
193884835
153337985
189839208
278401018
148036168
150428209
191915894
271766069
388480217
329066107
551567815
389768792
295107079
365451375
399186394
412617097
341974896
394571915
536037565
295633589
277434125
268418016
165669949
190893425
257068199
421778367
662787520
430871360
240274413
264852981
265252119
230310707
244922216
300734539
469261357
530757566
866683574
574278610
617002057
410277748
430450433
318475058
213920216
232866265
269367494
471418768
261201312
264146817
260814669
261654457
208537865
312282687
302650951
254985099
258734783
275284759
158820862
233267553
326617209
288913075
420298300
561236127
253340015
350293547
322813557
368743121
439999387
396400025
643989576
573673651
912039128
704724893
451201633
327860499
439022518
447974923
403387882
354617669
465397539
763269713
420748833
586213979
392275579
505173254
341486759
343517803
268022281
353758036
316020267
557484077
554320739
484213765
393706384
617292006
304450100
465764510
418150528
264717752
273123797
262371175
249274131
225144685
289278144
298844928
339209291
424989834
821188871
643184159
700800667
613459704
560009431
534740195
491737300
404113836
277630485
301578607
374401343
373070622
387046205
240218050
315305314
245374607
95459691
180677162
163524715
202952104
240701597
274270357
247962685
423381131
250945111
241461242
274486013
422510515
364674931
363339313
252910395
195483678
206091083
225613499
185862851
233011746
322308776
241210066
264096070
423381626
416136473
518002834
428913654
400698056
527416108
590976928
377336016
263546955
289101871
508230251
489322112
358369081
239507932
205459168
224611321
216819359
240155578
182912832
364019770
