7341.349
7346.117
7317.431
7484.511
7177.22
7373.901
7426.514
7266.247
7213.745
7460.05
7434.053
7435.983
7326.973
7339.178
7278.352
7441.047
7410.768
7373.444
7351.845
7316.953
7376.151
7357.156
7423.316
7304.583
7330.865
7429.65
7457.454
7283.952
7259.262
7432.06
7410.731
7308.393
7467.956
7404.3
7250.123
7301.349
7328.026
7318.242
7434.432
7501.604
7468.294
7326.927
7332.442
7330.764
7359.757
7331.856
7400.225
7349.616
7245.487
7426.609
7323.425
7377.805
7377.567
7301.963
7385.174
7311.136
7369.432
7284.668
7488.067
7414.399
7366.855
7427.654
7370.42
7363.845
7361.688
7398.565
7423.053
7331.383
7372.364
7261.455
7380.578
7318.096
7399.789
7257.05
7423.065
7345.718
7360.597
7342.33
7446.67
7421.856
7378.134
7377.958
7444.134
7471.45
7394.688
7381.682
7320.085
7338.043
7384.997
7423.576
7418.722
7421.058
7291.08
7480.593
7352.599
7337.783
7467.714
7330.208
7373.39
7274.425
7461.881
7314.375
7404.327
7374.552
7386.27
7479.039
7479.687
7439.814
7492.218
7356.123
7320.285
7376.669
7384.631
7346.209
7268.774
7368.164
7443.421
7344.967
7401.234
7354.271
7410.121
7284.153
7500.056
7372.58
7481.457
7387.181
7427.581
7442.407
7366.538
7436.419
7363.283
7265.721
7337.389
7368.376
7396.877
7391.351
7246.684
7275.766
7308.282
7322.549
7341.536
7455.74
7404.346
7297.44
7351.666
7357.335
7461.196
7343.356
7379.153
7383.155
7356.522
7340.727
7323.968
7420.428
7381.719
7355.08
7347.672
7261.876
7353.261
7464.038
7247.728
7341.251
7394.144
7397.64
7419.4
7409.549
7413.136
7413.442
7401.459
7365.235
7285.78
7390.834
7342.846
7218.749
7374.359
7576.405
7432.692
7402.375
7391.486
7444.063
7241.403
7310.508
7331.412
7508.953
7372.092
7524.408
7314.389
7412.005
7330.281
7365.991
7331.554
7310.66
7273.264
7496.12
7424.738
7243.108
7366.072
7343.024
7291.208
7467.579
7436.973
7426.874
7325.286
7437.673
7307.242
7402.754
7325.696
7286.797
7364.234
7377.803
7366.152
7337.858
7386.199
7311.941
7383.328
7366.006
7484.839
7357.276
7421.348
7358.522
7373.422
7337.947
7429.965
7478.358
7449.156
7277.704
7415.092
7358.446
7405.629
7487.906
7393.111
7392.432
7329.142
7492.861
7360.373
7371.956
7329.383
7302.236
7402.316
7389.494
7331.319
7337.996
7456.495
7383.225
7384
7400.636
7306.673
7378.703
7396.716
7321.444
7369.044
7342.771
7415.905
7347.873
7360.308
7365.003
7403.838
7441.377
7431.704
7354.593
7276.48
7399.084
7288.375
7329.369
7343.206
7361.666
7453.352
7502.277
7577.643
7358.692
7321.682
7390.296
7461.953
7432.839
7436.472
7434.864
7475.886
7276.077
7363.777
7292.294
7297.829
7451
7401.17
7429.733
7300.015
7254.909
7441.262
7532.902
7382.685
7400.848
7444.526
7339.736
7384.029
7346.04
7361.916
7324.065
7284.388
7349.913
7268.414
7323.494
7311.949
7406.138
7375.127
7490.04
7368.583
7257.617
7351.145
7304.632
7325.875
7448.529
7376.474
7423.299
7392.126
7334.092
7480.701
7290.822
7283.872
7269.032
7420.439
7391.34
7313.999
7428.75
7404.366
7330.999
7312.724
7389.155
7280.693
7268.776
7430.248
7454.459
7450.379
7454.482
7350.436
7459.73
7345.148
7378.048
7417.781
7321.691
7262.757
7402.344
7334.452
7362.484
7536.239
7363.27
7355.693
7388.949
7273.889
7404.056
7414.555
7351.693
7471.722
7367.245
7365.761
7357.063
7370.412
7336.605
7296.958
7445.215
7371.271
7413.419
7425.582
7395.584
7397.034
7374.344
7387.161
7357.645
7426.411
7354.556
7467.789
7394.497
7267.743
7392.006
7332.367
7379.508
7408.395
7363.146
7375.459
7312.671
7500.7
7472.317
7313.76
7460.113
7453.2
7336.461
7295.624
7457.566
7352.055
7376.34
7440.377
7429.748
7262.226
7295.943
7290.612
7257.054
7496.558
7370.829
7429.735
7350.554
7362.709
7408.944
7252.137
7439.823
7504.765
7275.482
7243.095
7322.073
7326.744
7351.126
7319.866
7195.62
7379.766
7386.959
7231.268
7298.524
7379.483
7423.029
7406.002
7227.225
7435.19
7413.394
7430.429
7377.177
7338.117
7432.254
7337.846
7467.35
7306.914
7340.746
7451.527
7382.903
7346.769
7251.56
7420.755
7397.392
7384.154
7395.924
7314.01
7349.699
7278.374
7382.404
7459.031
7369.62
7354.684
7271.176
7398.565
7436.976
7427.222
7362.305
7474.536
7448.658
7436.859
7422.585
7367.721
7463.61
7362.59
7393.636
7323.437
7370.354
7408.645
7412.687
7300.015
7266.705
7454.742
7362.151
7322.179
7341.293
7508.813
7357.38
7374.036
7405.717
7447.262
7246.393
7489.605
7443.521
7276.261
7383.252
7474.985
7383.801
7407.485
7402.756
7449.483
7279.172
7326.936
7311.039
7349.25
7370.407
7388.047
7393.329
7376.152
7389.668
7361.348
7608.97
7379.33
7374.498
7335.461
7319.937
7428.14
7324.293
7326.852
7414.06
