0.2813063
0.2086407
0.2077291
0.1741762
0.1457512
0.1306423
0.1083935
0.09786636
0.09020316
0.07767463
0.0786018
0.08955917
0.09820146
0.07436596
0.08715817
0.08762097
0.08314556
0.08624135
0.09420231
0.0649838
0.06820277
0.07248695
0.07304654
0.07155828
0.08324594
0.07469437
0.06922961
0.07392119
0.07330386
0.07101096
0.07832455
0.06983612
0.07406953
0.08257968
0.08698028
0.08089464
0.07745712
0.07590398
0.08107366
0.07756586
0.08011641
0.07568972
0.08030718
0.09380538
0.08062555
0.07372969
0.08040347
0.08071944
0.07728511
0.08295084
0.08439307
0.07394817
0.08294408
0.08334018
0.07326877
0.08048405
0.09475078
0.08027837
0.0740547
0.08068676
0.07692082
0.07639577
0.07114174
0.08154136
0.07543139
0.08703672
0.0825987
0.07209873
0.07433857
0.08272683
0.07887927
0.07527614
0.07175547
0.07835849
0.08457629
0.06854877
0.08187827
0.07892058
0.06888444
0.07115135
0.07172469
0.07869095
0.08345082
0.08184905
0.07406779
0.06559058
0.07163713
0.08651535
0.08455155
0.08201891
0.08147613
0.07367863
0.08628465
0.07973098
0.08106842
0.07236513
0.07352793
0.08281514
0.07829745
0.06472281
0.06607889
0.07337899
0.08511873
0.08344906
0.07892897
0.06890471
0.08756678
0.06294265
0.07529488
0.07269327
0.07597684
0.09082578
0.09079193
0.08031746
0.08255408
0.08120528
0.07308121
0.08625765
0.1004654
0.09065375
0.07924161
0.09972245
0.08273225
0.08388346
0.08618927
0.074304
0.07265903
0.07930915
0.08725215
0.07046145
0.08969322
0.07593415
0.0906702
0.08442785
0.06954477
0.07399804
0.07314578
0.06725551
0.0661634
0.05706578
0.06637634
0.08608346
0.09980281
0.08288323
0.0760485
0.08306639
0.07541754
0.07957385
0.0749776
0.07973048
0.08827169
0.08423168
0.07720362
0.07109581
0.07757683
0.07339681
0.07202856
0.06453252
0.07762246
0.07519773
0.07329404
0.07045901
0.07882926
0.08240094
0.09946039
0.08595354
0.08775948
0.0866138
0.08990103
0.0810832
0.09867124
0.09642204
0.09690573
0.07955384
0.1016636
0.1015345
0.09282461
0.09223513
0.09955162
0.076059
0.08092846
0.08431773
0.08425665
0.0823424
0.08100748
0.08955019
0.08194674
0.100917
0.09479429
0.07814184
0.08868267
0.08243901
0.08318144
0.0818156
0.08114902
0.08488031
0.08730959
0.09127695
0.08380965
0.08182912
0.0754816
0.06875696
0.07458314
0.08248158
0.08840992
0.09234038
0.09343982
0.07649619
0.07444759
0.08579712
0.0794323
0.1085771
0.08680581
0.09667719
0.1102611
0.1023097
0.09147137
0.09200268
0.07902149
0.08807627
0.07360379
0.09562808
0.07639333
0.07803805
0.07370868
0.08338491
0.07615015
0.08011567
0.07362913
0.07502197
0.07688799
0.09189076
0.08108494
0.08320983
0.08430977
0.08680559
0.0901958
0.08774858
0.09035122
0.09172088
0.1010498
0.08860496
0.08164934
0.0839833
0.07755806
0.08160477
0.08586029
0.09034539
0.08023492
0.08228055
0.09137479
0.08027141
0.06841655
0.07311469
0.08949718
0.08439687
0.0818555
0.08471473
0.0959108
0.09771443
0.08338501
0.07628664
0.0776433
0.07987904
0.07188733
0.07313696
0.08145939
0.07845981
0.1066451
0.09693247
0.08859959
0.08102351
0.08172533
0.09745178
0.09082531
0.09108418
0.09346119
0.08743469
0.09661498
0.0837818
0.07726667
0.07094728
0.09047275
0.07169446
0.07066577
0.08616536
0.07587712
0.07413136
0.07359717
0.08949299
0.0701644
0.07639897
0.0763569
0.07266582
0.07992032
0.08029178
0.0668239
0.08010383
0.0853307
0.07383023
0.0763944
0.07156637
0.07965426
0.07767723
0.07129028
0.08357395
0.09136107
0.08312385
0.08532976
0.07910805
0.06725819
0.07880108
0.07122953
0.08508844
0.07480938
0.07954147
0.07947418
0.08507532
0.09021458
0.08107081
0.08350101
0.08420134
0.07833758
0.07162756
0.07088839
0.07270774
0.08011468
0.08010236
0.07517841
0.09250665
0.08214002
0.07381264
0.08467406
0.08727793
0.08881517
0.08666053
0.07808647
0.07380308
0.08116546
0.07431811
0.0732283
0.07794105
0.08558779
0.08798053
0.07797558
0.08020505
0.07918423
0.08321927
0.07971606
0.07513957
0.07293424
0.07298099
0.0857465
0.09457359
0.08022156
0.08567224
0.08366489
0.08405683
0.07517419
0.07519692
0.07714863
0.09406723
0.09357023
0.07766845
0.07906438
0.07864042
0.07540052
0.07140791
0.08380155
0.08367263
0.08183096
0.07856125
0.08189918
0.09075328
0.07476729
0.0893231
0.06264926
0.07139662
0.06613625
0.06844422
0.07306359
0.07826739
0.07802967
0.08352219
0.0703849
0.0810988
0.07937019
0.08923247
0.06860279
0.0796607
0.07395236
0.08625396
0.08370764
0.06772446
0.07329943
0.08034957
0.0703384
0.07637678
0.08610223
0.07371719
0.09352826
0.09329746
0.07863357
0.08111079
0.08149779
0.08914129
0.08784195
0.08727912
0.07788808
0.09175649
0.0752988
0.07013404
